Array A was---
1.000000 1.000000 1.000000 1.000000 1.000000 1.000000 1.000000 1.000000 1.000000 1.000000 1.000000 1.000000 1.000000 1.000000 1.000000 1.000000 
1.000000 1.000000 1.000000 1.000000 1.000000 1.000000 1.000000 1.000000 1.000000 1.000000 1.000000 1.000000 1.000000 1.000000 1.000000 1.000000 
1.000000 1.000000 1.000000 1.000000 1.000000 1.000000 1.000000 1.000000 1.000000 1.000000 1.000000 1.000000 1.000000 1.000000 1.000000 1.000000 
1.000000 1.000000 1.000000 1.000000 1.000000 1.000000 1.000000 1.000000 1.000000 1.000000 1.000000 1.000000 1.000000 1.000000 1.000000 1.000000 
1.000000 1.000000 1.000000 1.000000 1.000000 1.000000 1.000000 1.000000 1.000000 1.000000 1.000000 1.000000 1.000000 1.000000 1.000000 1.000000 
1.000000 1.000000 1.000000 1.000000 1.000000 1.000000 1.000000 1.000000 1.000000 1.000000 1.000000 1.000000 1.000000 1.000000 1.000000 1.000000 
1.000000 1.000000 1.000000 1.000000 1.000000 1.000000 1.000000 1.000000 1.000000 1.000000 1.000000 1.000000 1.000000 1.000000 1.000000 1.000000 
1.000000 1.000000 1.000000 1.000000 1.000000 1.000000 1.000000 1.000000 1.000000 1.000000 1.000000 1.000000 1.000000 1.000000 1.000000 1.000000 
1.000000 1.000000 1.000000 1.000000 1.000000 1.000000 1.000000 1.000000 1.000000 1.000000 1.000000 1.000000 1.000000 1.000000 1.000000 1.000000 
1.000000 1.000000 1.000000 1.000000 1.000000 1.000000 1.000000 1.000000 1.000000 1.000000 1.000000 1.000000 1.000000 1.000000 1.000000 1.000000 
1.000000 1.000000 1.000000 1.000000 1.000000 1.000000 1.000000 1.000000 1.000000 1.000000 1.000000 1.000000 1.000000 1.000000 1.000000 1.000000 
1.000000 1.000000 1.000000 1.000000 1.000000 1.000000 1.000000 1.000000 1.000000 1.000000 1.000000 1.000000 1.000000 1.000000 1.000000 1.000000 
1.000000 1.000000 1.000000 1.000000 1.000000 1.000000 1.000000 1.000000 1.000000 1.000000 1.000000 1.000000 1.000000 1.000000 1.000000 1.000000 
1.000000 1.000000 1.000000 1.000000 1.000000 1.000000 1.000000 1.000000 1.000000 1.000000 1.000000 1.000000 1.000000 1.000000 1.000000 1.000000 
1.000000 1.000000 1.000000 1.000000 1.000000 1.000000 1.000000 1.000000 1.000000 1.000000 1.000000 1.000000 1.000000 1.000000 1.000000 1.000000 
1.000000 1.000000 1.000000 1.000000 1.000000 1.000000 1.000000 1.000000 1.000000 1.000000 1.000000 1.000000 1.000000 1.000000 1.000000 1.000000 

Array B was---
1.000000 1.000000 1.000000 1.000000 1.000000 1.000000 1.000000 1.000000 1.000000 1.000000 1.000000 1.000000 1.000000 1.000000 1.000000 1.000000 
1.000000 1.000000 1.000000 1.000000 1.000000 1.000000 1.000000 1.000000 1.000000 1.000000 1.000000 1.000000 1.000000 1.000000 1.000000 1.000000 
1.000000 1.000000 1.000000 1.000000 1.000000 1.000000 1.000000 1.000000 1.000000 1.000000 1.000000 1.000000 1.000000 1.000000 1.000000 1.000000 
1.000000 1.000000 1.000000 1.000000 1.000000 1.000000 1.000000 1.000000 1.000000 1.000000 1.000000 1.000000 1.000000 1.000000 1.000000 1.000000 
1.000000 1.000000 1.000000 1.000000 1.000000 1.000000 1.000000 1.000000 1.000000 1.000000 1.000000 1.000000 1.000000 1.000000 1.000000 1.000000 
1.000000 1.000000 1.000000 1.000000 1.000000 1.000000 1.000000 1.000000 1.000000 1.000000 1.000000 1.000000 1.000000 1.000000 1.000000 1.000000 
1.000000 1.000000 1.000000 1.000000 1.000000 1.000000 1.000000 1.000000 1.000000 1.000000 1.000000 1.000000 1.000000 1.000000 1.000000 1.000000 
1.000000 1.000000 1.000000 1.000000 1.000000 1.000000 1.000000 1.000000 1.000000 1.000000 1.000000 1.000000 1.000000 1.000000 1.000000 1.000000 
1.000000 1.000000 1.000000 1.000000 1.000000 1.000000 1.000000 1.000000 1.000000 1.000000 1.000000 1.000000 1.000000 1.000000 1.000000 1.000000 
1.000000 1.000000 1.000000 1.000000 1.000000 1.000000 1.000000 1.000000 1.000000 1.000000 1.000000 1.000000 1.000000 1.000000 1.000000 1.000000 
1.000000 1.000000 1.000000 1.000000 1.000000 1.000000 1.000000 1.000000 1.000000 1.000000 1.000000 1.000000 1.000000 1.000000 1.000000 1.000000 
1.000000 1.000000 1.000000 1.000000 1.000000 1.000000 1.000000 1.000000 1.000000 1.000000 1.000000 1.000000 1.000000 1.000000 1.000000 1.000000 
1.000000 1.000000 1.000000 1.000000 1.000000 1.000000 1.000000 1.000000 1.000000 1.000000 1.000000 1.000000 1.000000 1.000000 1.000000 1.000000 
1.000000 1.000000 1.000000 1.000000 1.000000 1.000000 1.000000 1.000000 1.000000 1.000000 1.000000 1.000000 1.000000 1.000000 1.000000 1.000000 
1.000000 1.000000 1.000000 1.000000 1.000000 1.000000 1.000000 1.000000 1.000000 1.000000 1.000000 1.000000 1.000000 1.000000 1.000000 1.000000 
1.000000 1.000000 1.000000 1.000000 1.000000 1.000000 1.000000 1.000000 1.000000 1.000000 1.000000 1.000000 1.000000 1.000000 1.000000 1.000000 

Multiplication of A and B gives C----
16.000000 16.000000 16.000000 16.000000 16.000000 16.000000 16.000000 16.000000 16.000000 16.000000 16.000000 16.000000 16.000000 16.000000 16.000000 16.000000 
16.000000 16.000000 16.000000 16.000000 16.000000 16.000000 16.000000 16.000000 16.000000 16.000000 16.000000 16.000000 16.000000 16.000000 16.000000 16.000000 
16.000000 16.000000 16.000000 16.000000 16.000000 16.000000 16.000000 16.000000 16.000000 16.000000 16.000000 16.000000 16.000000 16.000000 16.000000 16.000000 
16.000000 16.000000 16.000000 16.000000 16.000000 16.000000 16.000000 16.000000 16.000000 16.000000 16.000000 16.000000 16.000000 16.000000 16.000000 16.000000 
16.000000 16.000000 16.000000 16.000000 16.000000 16.000000 16.000000 16.000000 16.000000 16.000000 16.000000 16.000000 16.000000 16.000000 16.000000 16.000000 
16.000000 16.000000 16.000000 16.000000 16.000000 16.000000 16.000000 16.000000 16.000000 16.000000 16.000000 16.000000 16.000000 16.000000 16.000000 16.000000 
16.000000 16.000000 16.000000 16.000000 16.000000 16.000000 16.000000 16.000000 16.000000 16.000000 16.000000 16.000000 16.000000 16.000000 16.000000 16.000000 
16.000000 16.000000 16.000000 16.000000 16.000000 16.000000 16.000000 16.000000 16.000000 16.000000 16.000000 16.000000 16.000000 16.000000 16.000000 16.000000 
16.000000 16.000000 16.000000 16.000000 16.000000 16.000000 16.000000 16.000000 16.000000 16.000000 16.000000 16.000000 16.000000 16.000000 16.000000 16.000000 
16.000000 16.000000 16.000000 16.000000 16.000000 16.000000 16.000000 16.000000 16.000000 16.000000 16.000000 16.000000 16.000000 16.000000 16.000000 16.000000 
16.000000 16.000000 16.000000 16.000000 16.000000 16.000000 16.000000 16.000000 16.000000 16.000000 16.000000 16.000000 16.000000 16.000000 16.000000 16.000000 
16.000000 16.000000 16.000000 16.000000 16.000000 16.000000 16.000000 16.000000 16.000000 16.000000 16.000000 16.000000 16.000000 16.000000 16.000000 16.000000 
16.000000 16.000000 16.000000 16.000000 16.000000 16.000000 16.000000 16.000000 16.000000 16.000000 16.000000 16.000000 16.000000 16.000000 16.000000 16.000000 
16.000000 16.000000 16.000000 16.000000 16.000000 16.000000 16.000000 16.000000 16.000000 16.000000 16.000000 16.000000 16.000000 16.000000 16.000000 16.000000 
16.000000 16.000000 16.000000 16.000000 16.000000 16.000000 16.000000 16.000000 16.000000 16.000000 16.000000 16.000000 16.000000 16.000000 16.000000 16.000000 
16.000000 16.000000 16.000000 16.000000 16.000000 16.000000 16.000000 16.000000 16.000000 16.000000 16.000000 16.000000 16.000000 16.000000 16.000000 16.000000 
